# ============ SPRITES DO KIT (GATO) ============
# Animação Sequencial: Frame 1 -> Frame 2

kit_sprites:
    # --- FRAME 1: Parado / Rabo Baixo ---
    .word 16, 16   # Largura, Altura

    # Linhas 0-3 (Vazio/Topo)
    .byte 199,199,199,199,199,199,199,199,199,199,199,199,199,199,199,199
    .byte 199,199,199,199,199,199,199,199,199,199,199,199,199,199,199,199
    .byte 199,199,199,199,199,199,199,199,199,199,199,199,199,199,199,199
    .byte 199,199,199,199,199,199,199,199,199,199,199,199,199,199,199,199
    
    # Linha 4 (Ponta da Orelha/Rabo)
    .byte 199,199,199,199,199,199,199,199,199,199,199,199,199,199,199,199
    
    # Linha 5
    .byte 199,199,199,199,199,199,199,199,199,199, 39,199,199,199,199,199
    
    # Linha 6
    .byte 199,199,199, 31, 39,199,199,199,199,199, 31,199,199,199,199,199
    
    # Linha 7
    .byte 199,199, 31,199,199, 31,199,199,199, 39, 31, 31,199,199,199,199
    
    # Linha 8
    .byte 199,199, 31,199,199,199,199,199,199, 31, 31, 39, 39,119,199,199
    
    # Linha 9
    .byte 199,199, 31,199, 31,119,119, 31,119, 31, 31,255,  1, 39,199,199
    
    # Linha 10
    .byte 199,199, 31, 31, 31, 39, 39, 31, 39, 31, 39, 39, 39, 39,199,199
    
    # Linha 11
    .byte 199,199, 22, 31, 31, 31, 39, 31, 39, 31, 31, 31, 39,199,199,199
    
    # Linha 12
    .byte 199,199, 22, 22, 31, 31, 39, 31, 39, 31, 22, 39,199,199,199,199
    
    # Linha 13
    .byte 199,199,199, 22, 22, 22, 31, 22, 31, 22, 22,199,199,199,199,199
    
    # Linha 14
    .byte 199,199,199, 31, 22,199,199,199,199, 22, 31,199,199,199,199,199
    
    # Linha 15 (Patas)
    .byte 199,199,199, 31, 31, 31,199,199,199, 31, 31, 31,199,199,199,199


    # --- FRAME 2: Andando / Rabo Cima ---
    .word 16, 16   # Largura, Altura

    # Linhas 0-3
    .byte 199,199,199,199,199,199,199,199,199,199,199,199,199,199,199,199
    .byte 199,199,199,199,199,199,199,199,199,199,199,199,199,199,199,199
    .byte 199,199,199,199,199,199,199,199,199,199,199,199,199,199,199,199
    .byte 199,199,199,199,199,199,199,199,199,199,199,199,199,199,199,199

    # Linha 4 (Começa ponta do rabo)
    .byte 199,199,199,199,199,199,199,199,199,199, 39,199,199,199,199,199
    
    # Linha 5
    .byte 199,199,199, 31, 39,199,199,199,199,199, 31,199,199,199,199,199
    
    # Linha 6
    .byte 199,199,199, 31,199,199, 31,199,199,199, 39, 31, 31,199,199,199
    
    # Linha 7
    .byte 199,199, 31,199,199,199,199,199,199, 31, 31, 39, 39,119,199,199
    
    # Linha 8
    .byte 199,199, 31,199, 31,119,119, 31,119, 31, 31,255,  1, 39,199,199
    
    # Linha 9
    .byte 199,199, 31, 31, 31, 39, 39, 31, 39, 31, 39, 39, 39, 39,199,199
    
    # Linha 10
    .byte 199,199, 22, 31, 31, 31, 39, 31, 39, 31, 31, 31, 39,199,199,199
    
    # Linha 11
    .byte 199,199, 22, 22, 31, 31, 39, 31, 39, 31, 22, 39,199,199,199,199
    
    # Linha 12
    .byte 199,199,199, 22, 22, 22, 31, 22, 31, 22, 22,199,199,199,199,199
    
    # Linha 13
    .byte 199,199, 22, 22, 22, 22, 31, 22, 31, 22, 22, 22,199,199,199,199
    
    # Linha 14
    .byte 199,199, 31, 22,199,199,199,199,199,199, 22, 31,199,199,199,199
    
    # Linha 15
    .byte 199,199, 31,199,199,199,199,199,199,199, 31,199,199,199,199,199

kit_sprites_end: